G3dErrFileVersion 2018P3.1
FlagFileMetaData Begin
   Mesh Size - Setup1, Refinement, Pass #1, Freq. 1.000000e+08 :Title    
   Listing of mesh elements with poor quality. :ToolTip  
   hf3d :Author   
   1753042086 :TimeStamp
FlagFileMetaData End
BEGIN_ERR 
26 Small mesh segment detected on body : Box3
 Small mesh segment detected on body : Box3 
 Segment Statistics - Number of Segments : 1 --- Segment length(s) : 0.000358mm. The cutoff frequency for S-Matrix Only Solve is 8.37355917964981MHz 
2 -1  429  # nfids, fids[]
2 716  -1  # nbids, bids[]
      6 2 1 0 #ntets ntri ned npts
           8.5900200858130162e+00   4.7651225352177595e-01  -1.2604889002519584e+00 #xyz tv0
           8.2728211530981302e+00   2.5675434286835730e-01  -1.3094420214103981e+00 #xyz tv1
           8.2828905935676218e+00   2.3849906646213381e-01  -1.1743305460504521e+00 #xyz tv2
           8.2830565112862047e+00   2.3820926232500653e-01  -1.1744596396340303e+00 -1 716 #xyz tv3 fid bid
           8.1906568099999859e+00   1.9999999999997797e-01  -1.3217250500000000e+00 #xyz tv0
           8.2830565112862047e+00   2.3820926232500653e-01  -1.1744596396340303e+00 #xyz tv1
           8.2828905935676218e+00   2.3849906646213381e-01  -1.1743305460504521e+00 #xyz tv2
           8.2728211530981302e+00   2.5675434286835730e-01  -1.3094420214103981e+00 -1 716 #xyz tv3 fid bid
           8.5900200858130162e+00   4.7651225352177595e-01  -1.2604889002519584e+00 #xyz tv0
           8.2828905935676218e+00   2.3849906646213381e-01  -1.1743305460504521e+00 #xyz tv1
           8.5212376318992664e+00   3.3740669217705099e-01  -8.3441840422643121e-01 #xyz tv2
           8.2830565112862047e+00   2.3820926232500653e-01  -1.1744596396340303e+00 -1 716 #xyz tv3 fid bid
           8.1906568099999859e+00   1.9999999999997797e-01  -1.3217250500000000e+00 #xyz tv0
           8.2828905935676218e+00   2.3849906646213381e-01  -1.1743305460504521e+00 #xyz tv1
           8.2830565112862047e+00   2.3820926232500653e-01  -1.1744596396340303e+00 #xyz tv2
           8.2889402231827152e+00   2.0000000000000004e-01  -1.1422451957560689e+00 -1 716 #xyz tv3 fid bid
           8.5212376318992664e+00   3.3740669217705099e-01  -8.3441840422643121e-01 #xyz tv0
           8.2828905935676218e+00   2.3849906646213381e-01  -1.1743305460504521e+00 #xyz tv1
           8.2700299249686022e+00   2.6015546619922608e-01  -9.9144017032251575e-01 #xyz tv2
           8.2830565112862047e+00   2.3820926232500653e-01  -1.1744596396340303e+00 -1 716 #xyz tv3 fid bid
           8.2828905935676218e+00   2.3849906646213381e-01  -1.1743305460504521e+00 #xyz tv0
           8.2700299249686022e+00   2.6015546619922608e-01  -9.9144017032251575e-01 #xyz tv1
           8.2830565112862047e+00   2.3820926232500653e-01  -1.1744596396340303e+00 #xyz tv2
           8.2889402231827152e+00   2.0000000000000004e-01  -1.1422451957560689e+00 -1 716 #xyz tv3 fid bid
           8.2728211530981302e+00   2.5675434286835730e-01  -1.3094420214103981e+00 #xyz tv0
           8.2828905935676218e+00   2.3849906646213381e-01  -1.1743305460504521e+00 #xyz tv1
           8.2830565112862047e+00   2.3820926232500653e-01  -1.1744596396340303e+00 429 -1 #xyz tv2 fid bid
           8.2830565112862047e+00   2.3820926232500653e-01  -1.1744596396340303e+00 #xyz tv0
           8.2828905935676218e+00   2.3849906646213381e-01  -1.1743305460504521e+00 #xyz tv1
           8.2700299249686022e+00   2.6015546619922608e-01  -9.9144017032251575e-01 429 -1 #xyz tv2 fid bid
           8.2828905935676218e+00   2.3849906646213381e-01  -1.1743305460504521e+00 #xyz ev0
           8.2830565112862047e+00   2.3820926232500653e-01  -1.1744596396340303e+00 -1 716 #xyz ev1 fid bid
   0   0.000000000000e+00   0.000000000000e+00   0.000000000000e+00 #flag location
END_ERR 
G3dErrFileVersion 2018P3.1
FlagFileMetaData Begin
   Mesh Size - Setup1, Refinement, Pass #1, Freq. 5.500000e+08 :Title    
   Listing of mesh elements with poor quality. :ToolTip  
   hf3d :Author   
   1753042089 :TimeStamp
FlagFileMetaData End
BEGIN_ERR 
26 Small mesh segment detected on body : Box3
 Small mesh segment detected on body : Box3 
 Segment Statistics - Number of Segments : 1 --- Segment length(s) : 0.000358mm. The cutoff frequency for S-Matrix Only Solve is 8.37355917964981MHz 
2 -1  429  # nfids, fids[]
2 716  -1  # nbids, bids[]
      6 2 1 0 #ntets ntri ned npts
           8.5900200858130162e+00   4.7651225352177595e-01  -1.2604889002519584e+00 #xyz tv0
           8.2728211530981302e+00   2.5675434286835730e-01  -1.3094420214103981e+00 #xyz tv1
           8.2828905935676218e+00   2.3849906646213381e-01  -1.1743305460504521e+00 #xyz tv2
           8.2830565112862047e+00   2.3820926232500653e-01  -1.1744596396340303e+00 -1 716 #xyz tv3 fid bid
           8.1906568099999859e+00   1.9999999999997797e-01  -1.3217250500000000e+00 #xyz tv0
           8.2830565112862047e+00   2.3820926232500653e-01  -1.1744596396340303e+00 #xyz tv1
           8.2828905935676218e+00   2.3849906646213381e-01  -1.1743305460504521e+00 #xyz tv2
           8.2728211530981302e+00   2.5675434286835730e-01  -1.3094420214103981e+00 -1 716 #xyz tv3 fid bid
           8.5900200858130162e+00   4.7651225352177595e-01  -1.2604889002519584e+00 #xyz tv0
           8.2828905935676218e+00   2.3849906646213381e-01  -1.1743305460504521e+00 #xyz tv1
           8.5212376318992664e+00   3.3740669217705099e-01  -8.3441840422643121e-01 #xyz tv2
           8.2830565112862047e+00   2.3820926232500653e-01  -1.1744596396340303e+00 -1 716 #xyz tv3 fid bid
           8.1906568099999859e+00   1.9999999999997797e-01  -1.3217250500000000e+00 #xyz tv0
           8.2828905935676218e+00   2.3849906646213381e-01  -1.1743305460504521e+00 #xyz tv1
           8.2830565112862047e+00   2.3820926232500653e-01  -1.1744596396340303e+00 #xyz tv2
           8.2889402231827152e+00   2.0000000000000004e-01  -1.1422451957560689e+00 -1 716 #xyz tv3 fid bid
           8.5212376318992664e+00   3.3740669217705099e-01  -8.3441840422643121e-01 #xyz tv0
           8.2828905935676218e+00   2.3849906646213381e-01  -1.1743305460504521e+00 #xyz tv1
           8.2700299249686022e+00   2.6015546619922608e-01  -9.9144017032251575e-01 #xyz tv2
           8.2830565112862047e+00   2.3820926232500653e-01  -1.1744596396340303e+00 -1 716 #xyz tv3 fid bid
           8.2828905935676218e+00   2.3849906646213381e-01  -1.1743305460504521e+00 #xyz tv0
           8.2700299249686022e+00   2.6015546619922608e-01  -9.9144017032251575e-01 #xyz tv1
           8.2830565112862047e+00   2.3820926232500653e-01  -1.1744596396340303e+00 #xyz tv2
           8.2889402231827152e+00   2.0000000000000004e-01  -1.1422451957560689e+00 -1 716 #xyz tv3 fid bid
           8.2728211530981302e+00   2.5675434286835730e-01  -1.3094420214103981e+00 #xyz tv0
           8.2828905935676218e+00   2.3849906646213381e-01  -1.1743305460504521e+00 #xyz tv1
           8.2830565112862047e+00   2.3820926232500653e-01  -1.1744596396340303e+00 429 -1 #xyz tv2 fid bid
           8.2830565112862047e+00   2.3820926232500653e-01  -1.1744596396340303e+00 #xyz tv0
           8.2828905935676218e+00   2.3849906646213381e-01  -1.1743305460504521e+00 #xyz tv1
           8.2700299249686022e+00   2.6015546619922608e-01  -9.9144017032251575e-01 429 -1 #xyz tv2 fid bid
           8.2828905935676218e+00   2.3849906646213381e-01  -1.1743305460504521e+00 #xyz ev0
           8.2830565112862047e+00   2.3820926232500653e-01  -1.1744596396340303e+00 -1 716 #xyz ev1 fid bid
   0   0.000000000000e+00   0.000000000000e+00   0.000000000000e+00 #flag location
END_ERR 
G3dErrFileVersion 2018P3.1
FlagFileMetaData Begin
   Mesh Size - Setup1, Refinement, Pass #2, Freq. 5.500000e+08 :Title    
   Listing of mesh elements with poor quality. :ToolTip  
   hf3d :Author   
   1753042092 :TimeStamp
FlagFileMetaData End
BEGIN_ERR 
26 Small mesh segment detected on body : Box3
 Small mesh segment detected on body : Box3 
 Segment Statistics - Number of Segments : 1 --- Segment length(s) : 0.000358mm. The cutoff frequency for S-Matrix Only Solve is 8.37355917964981MHz 
2 -1  429  # nfids, fids[]
2 716  -1  # nbids, bids[]
      6 2 1 0 #ntets ntri ned npts
           8.5793482881939926e+00   4.0773613708835105e-01  -1.2650611311243718e+00 #xyz tv0
           8.2728211530981319e+00   2.5675434286835730e-01  -1.3094420214103981e+00 #xyz tv1
           8.2828905935676218e+00   2.3849906646213381e-01  -1.1743305460504521e+00 #xyz tv2
           8.2830565112862047e+00   2.3820926232500653e-01  -1.1744596396340303e+00 -1 716 #xyz tv3 fid bid
           8.1906568099999859e+00   1.9999999999997797e-01  -1.3217250500000000e+00 #xyz tv0
           8.2830565112862047e+00   2.3820926232500653e-01  -1.1744596396340303e+00 #xyz tv1
           8.2828905935676218e+00   2.3849906646213381e-01  -1.1743305460504521e+00 #xyz tv2
           8.2728211530981319e+00   2.5675434286835730e-01  -1.3094420214103981e+00 -1 716 #xyz tv3 fid bid
           8.5793482881939926e+00   4.0773613708835105e-01  -1.2650611311243718e+00 #xyz tv0
           8.2828905935676218e+00   2.3849906646213381e-01  -1.1743305460504521e+00 #xyz tv1
           8.5219094754820190e+00   3.1391279741192823e-01  -8.4439714859213599e-01 #xyz tv2
           8.2830565112862047e+00   2.3820926232500653e-01  -1.1744596396340303e+00 -1 716 #xyz tv3 fid bid
           8.1906568099999859e+00   1.9999999999997797e-01  -1.3217250500000000e+00 #xyz tv0
           8.2828905935676218e+00   2.3849906646213381e-01  -1.1743305460504521e+00 #xyz tv1
           8.2830565112862047e+00   2.3820926232500653e-01  -1.1744596396340303e+00 #xyz tv2
           8.2889402231827152e+00   2.0000000000000004e-01  -1.1422451957560689e+00 -1 716 #xyz tv3 fid bid
           8.5219094754820190e+00   3.1391279741192823e-01  -8.4439714859213599e-01 #xyz tv0
           8.2828905935676218e+00   2.3849906646213381e-01  -1.1743305460504521e+00 #xyz tv1
           8.2700299249686022e+00   2.6015546619922608e-01  -9.9144017032251575e-01 #xyz tv2
           8.2830565112862047e+00   2.3820926232500653e-01  -1.1744596396340303e+00 -1 716 #xyz tv3 fid bid
           8.2828905935676218e+00   2.3849906646213381e-01  -1.1743305460504521e+00 #xyz tv0
           8.2700299249686022e+00   2.6015546619922608e-01  -9.9144017032251575e-01 #xyz tv1
           8.2830565112862047e+00   2.3820926232500653e-01  -1.1744596396340303e+00 #xyz tv2
           8.2889402231827152e+00   2.0000000000000004e-01  -1.1422451957560689e+00 -1 716 #xyz tv3 fid bid
           8.2728211530981319e+00   2.5675434286835730e-01  -1.3094420214103981e+00 #xyz tv0
           8.2828905935676218e+00   2.3849906646213381e-01  -1.1743305460504521e+00 #xyz tv1
           8.2830565112862047e+00   2.3820926232500653e-01  -1.1744596396340303e+00 429 -1 #xyz tv2 fid bid
           8.2830565112862047e+00   2.3820926232500653e-01  -1.1744596396340303e+00 #xyz tv0
           8.2828905935676218e+00   2.3849906646213381e-01  -1.1743305460504521e+00 #xyz tv1
           8.2700299249686022e+00   2.6015546619922608e-01  -9.9144017032251575e-01 429 -1 #xyz tv2 fid bid
           8.2828905935676218e+00   2.3849906646213381e-01  -1.1743305460504521e+00 #xyz ev0
           8.2830565112862047e+00   2.3820926232500653e-01  -1.1744596396340303e+00 -1 716 #xyz ev1 fid bid
   0   0.000000000000e+00   0.000000000000e+00   0.000000000000e+00 #flag location
END_ERR 
G3dErrFileVersion 2018P3.1
FlagFileMetaData Begin
   Mesh Size - Setup1, Refinement, Pass #1, Freq. 1.000000e+08 :Title    
   Listing of mesh elements with poor quality. :ToolTip  
   hf3d :Author   
   1753042661 :TimeStamp
FlagFileMetaData End
BEGIN_ERR 
26 Small mesh segment detected on body : Box3
 Small mesh segment detected on body : Box3 
 Segment Statistics - Number of Segments : 1 --- Segment length(s) : 0.000358mm. The cutoff frequency for S-Matrix Only Solve is 8.37355917964981MHz 
2 -1  429  # nfids, fids[]
2 716  -1  # nbids, bids[]
      6 2 1 0 #ntets ntri ned npts
           8.5900200858130162e+00   4.7651225352177595e-01  -1.2604889002519584e+00 #xyz tv0
           8.2728211530981302e+00   2.5675434286835730e-01  -1.3094420214103981e+00 #xyz tv1
           8.2828905935676218e+00   2.3849906646213381e-01  -1.1743305460504521e+00 #xyz tv2
           8.2830565112862047e+00   2.3820926232500653e-01  -1.1744596396340303e+00 -1 716 #xyz tv3 fid bid
           8.1906568099999859e+00   1.9999999999997797e-01  -1.3217250500000000e+00 #xyz tv0
           8.2830565112862047e+00   2.3820926232500653e-01  -1.1744596396340303e+00 #xyz tv1
           8.2828905935676218e+00   2.3849906646213381e-01  -1.1743305460504521e+00 #xyz tv2
           8.2728211530981302e+00   2.5675434286835730e-01  -1.3094420214103981e+00 -1 716 #xyz tv3 fid bid
           8.5900200858130162e+00   4.7651225352177595e-01  -1.2604889002519584e+00 #xyz tv0
           8.2828905935676218e+00   2.3849906646213381e-01  -1.1743305460504521e+00 #xyz tv1
           8.5212376318992664e+00   3.3740669217705099e-01  -8.3441840422643121e-01 #xyz tv2
           8.2830565112862047e+00   2.3820926232500653e-01  -1.1744596396340303e+00 -1 716 #xyz tv3 fid bid
           8.1906568099999859e+00   1.9999999999997797e-01  -1.3217250500000000e+00 #xyz tv0
           8.2828905935676218e+00   2.3849906646213381e-01  -1.1743305460504521e+00 #xyz tv1
           8.2830565112862047e+00   2.3820926232500653e-01  -1.1744596396340303e+00 #xyz tv2
           8.2889402231827152e+00   2.0000000000000004e-01  -1.1422451957560689e+00 -1 716 #xyz tv3 fid bid
           8.5212376318992664e+00   3.3740669217705099e-01  -8.3441840422643121e-01 #xyz tv0
           8.2828905935676218e+00   2.3849906646213381e-01  -1.1743305460504521e+00 #xyz tv1
           8.2700299249686022e+00   2.6015546619922608e-01  -9.9144017032251575e-01 #xyz tv2
           8.2830565112862047e+00   2.3820926232500653e-01  -1.1744596396340303e+00 -1 716 #xyz tv3 fid bid
           8.2828905935676218e+00   2.3849906646213381e-01  -1.1743305460504521e+00 #xyz tv0
           8.2700299249686022e+00   2.6015546619922608e-01  -9.9144017032251575e-01 #xyz tv1
           8.2830565112862047e+00   2.3820926232500653e-01  -1.1744596396340303e+00 #xyz tv2
           8.2889402231827152e+00   2.0000000000000004e-01  -1.1422451957560689e+00 -1 716 #xyz tv3 fid bid
           8.2728211530981302e+00   2.5675434286835730e-01  -1.3094420214103981e+00 #xyz tv0
           8.2828905935676218e+00   2.3849906646213381e-01  -1.1743305460504521e+00 #xyz tv1
           8.2830565112862047e+00   2.3820926232500653e-01  -1.1744596396340303e+00 429 -1 #xyz tv2 fid bid
           8.2830565112862047e+00   2.3820926232500653e-01  -1.1744596396340303e+00 #xyz tv0
           8.2828905935676218e+00   2.3849906646213381e-01  -1.1743305460504521e+00 #xyz tv1
           8.2700299249686022e+00   2.6015546619922608e-01  -9.9144017032251575e-01 429 -1 #xyz tv2 fid bid
           8.2828905935676218e+00   2.3849906646213381e-01  -1.1743305460504521e+00 #xyz ev0
           8.2830565112862047e+00   2.3820926232500653e-01  -1.1744596396340303e+00 -1 716 #xyz ev1 fid bid
   0   0.000000000000e+00   0.000000000000e+00   0.000000000000e+00 #flag location
END_ERR 
G3dErrFileVersion 2018P3.1
FlagFileMetaData Begin
   Mesh Size - Setup1, Refinement, Pass #1, Freq. 5.500000e+08 :Title    
   Listing of mesh elements with poor quality. :ToolTip  
   hf3d :Author   
   1753042663 :TimeStamp
FlagFileMetaData End
BEGIN_ERR 
26 Small mesh segment detected on body : Box3
 Small mesh segment detected on body : Box3 
 Segment Statistics - Number of Segments : 1 --- Segment length(s) : 0.000358mm. The cutoff frequency for S-Matrix Only Solve is 8.37355917964981MHz 
2 -1  429  # nfids, fids[]
2 716  -1  # nbids, bids[]
      6 2 1 0 #ntets ntri ned npts
           8.5900200858130162e+00   4.7651225352177595e-01  -1.2604889002519584e+00 #xyz tv0
           8.2728211530981302e+00   2.5675434286835730e-01  -1.3094420214103981e+00 #xyz tv1
           8.2828905935676218e+00   2.3849906646213381e-01  -1.1743305460504521e+00 #xyz tv2
           8.2830565112862047e+00   2.3820926232500653e-01  -1.1744596396340303e+00 -1 716 #xyz tv3 fid bid
           8.1906568099999859e+00   1.9999999999997797e-01  -1.3217250500000000e+00 #xyz tv0
           8.2830565112862047e+00   2.3820926232500653e-01  -1.1744596396340303e+00 #xyz tv1
           8.2828905935676218e+00   2.3849906646213381e-01  -1.1743305460504521e+00 #xyz tv2
           8.2728211530981302e+00   2.5675434286835730e-01  -1.3094420214103981e+00 -1 716 #xyz tv3 fid bid
           8.5900200858130162e+00   4.7651225352177595e-01  -1.2604889002519584e+00 #xyz tv0
           8.2828905935676218e+00   2.3849906646213381e-01  -1.1743305460504521e+00 #xyz tv1
           8.5212376318992664e+00   3.3740669217705099e-01  -8.3441840422643121e-01 #xyz tv2
           8.2830565112862047e+00   2.3820926232500653e-01  -1.1744596396340303e+00 -1 716 #xyz tv3 fid bid
           8.1906568099999859e+00   1.9999999999997797e-01  -1.3217250500000000e+00 #xyz tv0
           8.2828905935676218e+00   2.3849906646213381e-01  -1.1743305460504521e+00 #xyz tv1
           8.2830565112862047e+00   2.3820926232500653e-01  -1.1744596396340303e+00 #xyz tv2
           8.2889402231827152e+00   2.0000000000000004e-01  -1.1422451957560689e+00 -1 716 #xyz tv3 fid bid
           8.5212376318992664e+00   3.3740669217705099e-01  -8.3441840422643121e-01 #xyz tv0
           8.2828905935676218e+00   2.3849906646213381e-01  -1.1743305460504521e+00 #xyz tv1
           8.2700299249686022e+00   2.6015546619922608e-01  -9.9144017032251575e-01 #xyz tv2
           8.2830565112862047e+00   2.3820926232500653e-01  -1.1744596396340303e+00 -1 716 #xyz tv3 fid bid
           8.2828905935676218e+00   2.3849906646213381e-01  -1.1743305460504521e+00 #xyz tv0
           8.2700299249686022e+00   2.6015546619922608e-01  -9.9144017032251575e-01 #xyz tv1
           8.2830565112862047e+00   2.3820926232500653e-01  -1.1744596396340303e+00 #xyz tv2
           8.2889402231827152e+00   2.0000000000000004e-01  -1.1422451957560689e+00 -1 716 #xyz tv3 fid bid
           8.2728211530981302e+00   2.5675434286835730e-01  -1.3094420214103981e+00 #xyz tv0
           8.2828905935676218e+00   2.3849906646213381e-01  -1.1743305460504521e+00 #xyz tv1
           8.2830565112862047e+00   2.3820926232500653e-01  -1.1744596396340303e+00 429 -1 #xyz tv2 fid bid
           8.2830565112862047e+00   2.3820926232500653e-01  -1.1744596396340303e+00 #xyz tv0
           8.2828905935676218e+00   2.3849906646213381e-01  -1.1743305460504521e+00 #xyz tv1
           8.2700299249686022e+00   2.6015546619922608e-01  -9.9144017032251575e-01 429 -1 #xyz tv2 fid bid
           8.2828905935676218e+00   2.3849906646213381e-01  -1.1743305460504521e+00 #xyz ev0
           8.2830565112862047e+00   2.3820926232500653e-01  -1.1744596396340303e+00 -1 716 #xyz ev1 fid bid
   0   0.000000000000e+00   0.000000000000e+00   0.000000000000e+00 #flag location
END_ERR 
G3dErrFileVersion 2018P3.1
FlagFileMetaData Begin
   Mesh Size - Setup1, Refinement, Pass #2, Freq. 5.500000e+08 :Title    
   Listing of mesh elements with poor quality. :ToolTip  
   hf3d :Author   
   1753042666 :TimeStamp
FlagFileMetaData End
BEGIN_ERR 
26 Small mesh segment detected on body : Box3
 Small mesh segment detected on body : Box3 
 Segment Statistics - Number of Segments : 1 --- Segment length(s) : 0.000358mm. The cutoff frequency for S-Matrix Only Solve is 8.37355917964981MHz 
2 -1  429  # nfids, fids[]
2 716  -1  # nbids, bids[]
      6 2 1 0 #ntets ntri ned npts
           8.5793482881939926e+00   4.0773613708835105e-01  -1.2650611311243718e+00 #xyz tv0
           8.2728211530981319e+00   2.5675434286835730e-01  -1.3094420214103981e+00 #xyz tv1
           8.2828905935676218e+00   2.3849906646213381e-01  -1.1743305460504521e+00 #xyz tv2
           8.2830565112862047e+00   2.3820926232500653e-01  -1.1744596396340303e+00 -1 716 #xyz tv3 fid bid
           8.1906568099999859e+00   1.9999999999997797e-01  -1.3217250500000000e+00 #xyz tv0
           8.2830565112862047e+00   2.3820926232500653e-01  -1.1744596396340303e+00 #xyz tv1
           8.2828905935676218e+00   2.3849906646213381e-01  -1.1743305460504521e+00 #xyz tv2
           8.2728211530981319e+00   2.5675434286835730e-01  -1.3094420214103981e+00 -1 716 #xyz tv3 fid bid
           8.5793482881939926e+00   4.0773613708835105e-01  -1.2650611311243718e+00 #xyz tv0
           8.2828905935676218e+00   2.3849906646213381e-01  -1.1743305460504521e+00 #xyz tv1
           8.5219094754820190e+00   3.1391279741192823e-01  -8.4439714859213599e-01 #xyz tv2
           8.2830565112862047e+00   2.3820926232500653e-01  -1.1744596396340303e+00 -1 716 #xyz tv3 fid bid
           8.1906568099999859e+00   1.9999999999997797e-01  -1.3217250500000000e+00 #xyz tv0
           8.2828905935676218e+00   2.3849906646213381e-01  -1.1743305460504521e+00 #xyz tv1
           8.2830565112862047e+00   2.3820926232500653e-01  -1.1744596396340303e+00 #xyz tv2
           8.2889402231827152e+00   2.0000000000000004e-01  -1.1422451957560689e+00 -1 716 #xyz tv3 fid bid
           8.5219094754820190e+00   3.1391279741192823e-01  -8.4439714859213599e-01 #xyz tv0
           8.2828905935676218e+00   2.3849906646213381e-01  -1.1743305460504521e+00 #xyz tv1
           8.2700299249686022e+00   2.6015546619922608e-01  -9.9144017032251575e-01 #xyz tv2
           8.2830565112862047e+00   2.3820926232500653e-01  -1.1744596396340303e+00 -1 716 #xyz tv3 fid bid
           8.2828905935676218e+00   2.3849906646213381e-01  -1.1743305460504521e+00 #xyz tv0
           8.2700299249686022e+00   2.6015546619922608e-01  -9.9144017032251575e-01 #xyz tv1
           8.2830565112862047e+00   2.3820926232500653e-01  -1.1744596396340303e+00 #xyz tv2
           8.2889402231827152e+00   2.0000000000000004e-01  -1.1422451957560689e+00 -1 716 #xyz tv3 fid bid
           8.2728211530981319e+00   2.5675434286835730e-01  -1.3094420214103981e+00 #xyz tv0
           8.2828905935676218e+00   2.3849906646213381e-01  -1.1743305460504521e+00 #xyz tv1
           8.2830565112862047e+00   2.3820926232500653e-01  -1.1744596396340303e+00 429 -1 #xyz tv2 fid bid
           8.2830565112862047e+00   2.3820926232500653e-01  -1.1744596396340303e+00 #xyz tv0
           8.2828905935676218e+00   2.3849906646213381e-01  -1.1743305460504521e+00 #xyz tv1
           8.2700299249686022e+00   2.6015546619922608e-01  -9.9144017032251575e-01 429 -1 #xyz tv2 fid bid
           8.2828905935676218e+00   2.3849906646213381e-01  -1.1743305460504521e+00 #xyz ev0
           8.2830565112862047e+00   2.3820926232500653e-01  -1.1744596396340303e+00 -1 716 #xyz ev1 fid bid
   0   0.000000000000e+00   0.000000000000e+00   0.000000000000e+00 #flag location
END_ERR 
G3dErrFileVersion 2018P3.1
FlagFileMetaData Begin
   Mesh Size - Setup1, Refinement, Pass #1, Freq. 1.000000e+08 :Title    
   Listing of mesh elements with poor quality. :ToolTip  
   hf3d :Author   
   1753048302 :TimeStamp
FlagFileMetaData End
BEGIN_ERR 
26 Small mesh segment detected on body : Box3
 Small mesh segment detected on body : Box3 
 Segment Statistics - Number of Segments : 1 --- Segment length(s) : 0.000358mm. The cutoff frequency for S-Matrix Only Solve is 8.37355917964981MHz 
2 -1  429  # nfids, fids[]
2 716  -1  # nbids, bids[]
      6 2 1 0 #ntets ntri ned npts
           8.5900200858130162e+00   4.7651225352177595e-01  -1.2604889002519584e+00 #xyz tv0
           8.2728211530981302e+00   2.5675434286835730e-01  -1.3094420214103981e+00 #xyz tv1
           8.2828905935676218e+00   2.3849906646213381e-01  -1.1743305460504521e+00 #xyz tv2
           8.2830565112862047e+00   2.3820926232500653e-01  -1.1744596396340303e+00 -1 716 #xyz tv3 fid bid
           8.1906568099999859e+00   1.9999999999997797e-01  -1.3217250500000000e+00 #xyz tv0
           8.2830565112862047e+00   2.3820926232500653e-01  -1.1744596396340303e+00 #xyz tv1
           8.2828905935676218e+00   2.3849906646213381e-01  -1.1743305460504521e+00 #xyz tv2
           8.2728211530981302e+00   2.5675434286835730e-01  -1.3094420214103981e+00 -1 716 #xyz tv3 fid bid
           8.5900200858130162e+00   4.7651225352177595e-01  -1.2604889002519584e+00 #xyz tv0
           8.2828905935676218e+00   2.3849906646213381e-01  -1.1743305460504521e+00 #xyz tv1
           8.5212376318992664e+00   3.3740669217705099e-01  -8.3441840422643121e-01 #xyz tv2
           8.2830565112862047e+00   2.3820926232500653e-01  -1.1744596396340303e+00 -1 716 #xyz tv3 fid bid
           8.1906568099999859e+00   1.9999999999997797e-01  -1.3217250500000000e+00 #xyz tv0
           8.2828905935676218e+00   2.3849906646213381e-01  -1.1743305460504521e+00 #xyz tv1
           8.2830565112862047e+00   2.3820926232500653e-01  -1.1744596396340303e+00 #xyz tv2
           8.2889402231827152e+00   2.0000000000000004e-01  -1.1422451957560689e+00 -1 716 #xyz tv3 fid bid
           8.5212376318992664e+00   3.3740669217705099e-01  -8.3441840422643121e-01 #xyz tv0
           8.2828905935676218e+00   2.3849906646213381e-01  -1.1743305460504521e+00 #xyz tv1
           8.2700299249686022e+00   2.6015546619922608e-01  -9.9144017032251575e-01 #xyz tv2
           8.2830565112862047e+00   2.3820926232500653e-01  -1.1744596396340303e+00 -1 716 #xyz tv3 fid bid
           8.2828905935676218e+00   2.3849906646213381e-01  -1.1743305460504521e+00 #xyz tv0
           8.2700299249686022e+00   2.6015546619922608e-01  -9.9144017032251575e-01 #xyz tv1
           8.2830565112862047e+00   2.3820926232500653e-01  -1.1744596396340303e+00 #xyz tv2
           8.2889402231827152e+00   2.0000000000000004e-01  -1.1422451957560689e+00 -1 716 #xyz tv3 fid bid
           8.2728211530981302e+00   2.5675434286835730e-01  -1.3094420214103981e+00 #xyz tv0
           8.2828905935676218e+00   2.3849906646213381e-01  -1.1743305460504521e+00 #xyz tv1
           8.2830565112862047e+00   2.3820926232500653e-01  -1.1744596396340303e+00 429 -1 #xyz tv2 fid bid
           8.2830565112862047e+00   2.3820926232500653e-01  -1.1744596396340303e+00 #xyz tv0
           8.2828905935676218e+00   2.3849906646213381e-01  -1.1743305460504521e+00 #xyz tv1
           8.2700299249686022e+00   2.6015546619922608e-01  -9.9144017032251575e-01 429 -1 #xyz tv2 fid bid
           8.2828905935676218e+00   2.3849906646213381e-01  -1.1743305460504521e+00 #xyz ev0
           8.2830565112862047e+00   2.3820926232500653e-01  -1.1744596396340303e+00 -1 716 #xyz ev1 fid bid
   0   0.000000000000e+00   0.000000000000e+00   0.000000000000e+00 #flag location
END_ERR 
G3dErrFileVersion 2018P3.1
FlagFileMetaData Begin
   Mesh Size - Setup1, Refinement, Pass #1, Freq. 5.500000e+08 :Title    
   Listing of mesh elements with poor quality. :ToolTip  
   hf3d :Author   
   1753048304 :TimeStamp
FlagFileMetaData End
BEGIN_ERR 
26 Small mesh segment detected on body : Box3
 Small mesh segment detected on body : Box3 
 Segment Statistics - Number of Segments : 1 --- Segment length(s) : 0.000358mm. The cutoff frequency for S-Matrix Only Solve is 8.37355917964981MHz 
2 -1  429  # nfids, fids[]
2 716  -1  # nbids, bids[]
      6 2 1 0 #ntets ntri ned npts
           8.5900200858130162e+00   4.7651225352177595e-01  -1.2604889002519584e+00 #xyz tv0
           8.2728211530981302e+00   2.5675434286835730e-01  -1.3094420214103981e+00 #xyz tv1
           8.2828905935676218e+00   2.3849906646213381e-01  -1.1743305460504521e+00 #xyz tv2
           8.2830565112862047e+00   2.3820926232500653e-01  -1.1744596396340303e+00 -1 716 #xyz tv3 fid bid
           8.1906568099999859e+00   1.9999999999997797e-01  -1.3217250500000000e+00 #xyz tv0
           8.2830565112862047e+00   2.3820926232500653e-01  -1.1744596396340303e+00 #xyz tv1
           8.2828905935676218e+00   2.3849906646213381e-01  -1.1743305460504521e+00 #xyz tv2
           8.2728211530981302e+00   2.5675434286835730e-01  -1.3094420214103981e+00 -1 716 #xyz tv3 fid bid
           8.5900200858130162e+00   4.7651225352177595e-01  -1.2604889002519584e+00 #xyz tv0
           8.2828905935676218e+00   2.3849906646213381e-01  -1.1743305460504521e+00 #xyz tv1
           8.5212376318992664e+00   3.3740669217705099e-01  -8.3441840422643121e-01 #xyz tv2
           8.2830565112862047e+00   2.3820926232500653e-01  -1.1744596396340303e+00 -1 716 #xyz tv3 fid bid
           8.1906568099999859e+00   1.9999999999997797e-01  -1.3217250500000000e+00 #xyz tv0
           8.2828905935676218e+00   2.3849906646213381e-01  -1.1743305460504521e+00 #xyz tv1
           8.2830565112862047e+00   2.3820926232500653e-01  -1.1744596396340303e+00 #xyz tv2
           8.2889402231827152e+00   2.0000000000000004e-01  -1.1422451957560689e+00 -1 716 #xyz tv3 fid bid
           8.5212376318992664e+00   3.3740669217705099e-01  -8.3441840422643121e-01 #xyz tv0
           8.2828905935676218e+00   2.3849906646213381e-01  -1.1743305460504521e+00 #xyz tv1
           8.2700299249686022e+00   2.6015546619922608e-01  -9.9144017032251575e-01 #xyz tv2
           8.2830565112862047e+00   2.3820926232500653e-01  -1.1744596396340303e+00 -1 716 #xyz tv3 fid bid
           8.2828905935676218e+00   2.3849906646213381e-01  -1.1743305460504521e+00 #xyz tv0
           8.2700299249686022e+00   2.6015546619922608e-01  -9.9144017032251575e-01 #xyz tv1
           8.2830565112862047e+00   2.3820926232500653e-01  -1.1744596396340303e+00 #xyz tv2
           8.2889402231827152e+00   2.0000000000000004e-01  -1.1422451957560689e+00 -1 716 #xyz tv3 fid bid
           8.2728211530981302e+00   2.5675434286835730e-01  -1.3094420214103981e+00 #xyz tv0
           8.2828905935676218e+00   2.3849906646213381e-01  -1.1743305460504521e+00 #xyz tv1
           8.2830565112862047e+00   2.3820926232500653e-01  -1.1744596396340303e+00 429 -1 #xyz tv2 fid bid
           8.2830565112862047e+00   2.3820926232500653e-01  -1.1744596396340303e+00 #xyz tv0
           8.2828905935676218e+00   2.3849906646213381e-01  -1.1743305460504521e+00 #xyz tv1
           8.2700299249686022e+00   2.6015546619922608e-01  -9.9144017032251575e-01 429 -1 #xyz tv2 fid bid
           8.2828905935676218e+00   2.3849906646213381e-01  -1.1743305460504521e+00 #xyz ev0
           8.2830565112862047e+00   2.3820926232500653e-01  -1.1744596396340303e+00 -1 716 #xyz ev1 fid bid
   0   0.000000000000e+00   0.000000000000e+00   0.000000000000e+00 #flag location
END_ERR 
G3dErrFileVersion 2018P3.1
FlagFileMetaData Begin
   Mesh Size - Setup1, Refinement, Pass #2, Freq. 5.500000e+08 :Title    
   Listing of mesh elements with poor quality. :ToolTip  
   hf3d :Author   
   1753048308 :TimeStamp
FlagFileMetaData End
BEGIN_ERR 
26 Small mesh segment detected on body : Box3
 Small mesh segment detected on body : Box3 
 Segment Statistics - Number of Segments : 1 --- Segment length(s) : 0.000358mm. The cutoff frequency for S-Matrix Only Solve is 8.37355917964981MHz 
2 -1  429  # nfids, fids[]
2 716  -1  # nbids, bids[]
      6 2 1 0 #ntets ntri ned npts
           8.5793482881939926e+00   4.0773613708835105e-01  -1.2650611311243718e+00 #xyz tv0
           8.2728211530981319e+00   2.5675434286835730e-01  -1.3094420214103981e+00 #xyz tv1
           8.2828905935676218e+00   2.3849906646213381e-01  -1.1743305460504521e+00 #xyz tv2
           8.2830565112862047e+00   2.3820926232500653e-01  -1.1744596396340303e+00 -1 716 #xyz tv3 fid bid
           8.1906568099999859e+00   1.9999999999997797e-01  -1.3217250500000000e+00 #xyz tv0
           8.2830565112862047e+00   2.3820926232500653e-01  -1.1744596396340303e+00 #xyz tv1
           8.2828905935676218e+00   2.3849906646213381e-01  -1.1743305460504521e+00 #xyz tv2
           8.2728211530981319e+00   2.5675434286835730e-01  -1.3094420214103981e+00 -1 716 #xyz tv3 fid bid
           8.5793482881939926e+00   4.0773613708835105e-01  -1.2650611311243718e+00 #xyz tv0
           8.2828905935676218e+00   2.3849906646213381e-01  -1.1743305460504521e+00 #xyz tv1
           8.5219094754820190e+00   3.1391279741192823e-01  -8.4439714859213599e-01 #xyz tv2
           8.2830565112862047e+00   2.3820926232500653e-01  -1.1744596396340303e+00 -1 716 #xyz tv3 fid bid
           8.1906568099999859e+00   1.9999999999997797e-01  -1.3217250500000000e+00 #xyz tv0
           8.2828905935676218e+00   2.3849906646213381e-01  -1.1743305460504521e+00 #xyz tv1
           8.2830565112862047e+00   2.3820926232500653e-01  -1.1744596396340303e+00 #xyz tv2
           8.2889402231827152e+00   2.0000000000000004e-01  -1.1422451957560689e+00 -1 716 #xyz tv3 fid bid
           8.5219094754820190e+00   3.1391279741192823e-01  -8.4439714859213599e-01 #xyz tv0
           8.2828905935676218e+00   2.3849906646213381e-01  -1.1743305460504521e+00 #xyz tv1
           8.2700299249686022e+00   2.6015546619922608e-01  -9.9144017032251575e-01 #xyz tv2
           8.2830565112862047e+00   2.3820926232500653e-01  -1.1744596396340303e+00 -1 716 #xyz tv3 fid bid
           8.2828905935676218e+00   2.3849906646213381e-01  -1.1743305460504521e+00 #xyz tv0
           8.2700299249686022e+00   2.6015546619922608e-01  -9.9144017032251575e-01 #xyz tv1
           8.2830565112862047e+00   2.3820926232500653e-01  -1.1744596396340303e+00 #xyz tv2
           8.2889402231827152e+00   2.0000000000000004e-01  -1.1422451957560689e+00 -1 716 #xyz tv3 fid bid
           8.2728211530981319e+00   2.5675434286835730e-01  -1.3094420214103981e+00 #xyz tv0
           8.2828905935676218e+00   2.3849906646213381e-01  -1.1743305460504521e+00 #xyz tv1
           8.2830565112862047e+00   2.3820926232500653e-01  -1.1744596396340303e+00 429 -1 #xyz tv2 fid bid
           8.2830565112862047e+00   2.3820926232500653e-01  -1.1744596396340303e+00 #xyz tv0
           8.2828905935676218e+00   2.3849906646213381e-01  -1.1743305460504521e+00 #xyz tv1
           8.2700299249686022e+00   2.6015546619922608e-01  -9.9144017032251575e-01 429 -1 #xyz tv2 fid bid
           8.2828905935676218e+00   2.3849906646213381e-01  -1.1743305460504521e+00 #xyz ev0
           8.2830565112862047e+00   2.3820926232500653e-01  -1.1744596396340303e+00 -1 716 #xyz ev1 fid bid
   0   0.000000000000e+00   0.000000000000e+00   0.000000000000e+00 #flag location
END_ERR 
G3dErrFileVersion 2018P3.1
FlagFileMetaData Begin
   Mesh Size - Setup1, Refinement, Pass #1, Freq. 1.000000e+08 :Title    
   Listing of mesh elements with poor quality. :ToolTip  
   hf3d :Author   
   1753049963 :TimeStamp
FlagFileMetaData End
BEGIN_ERR 
26 Small mesh segment detected on body : Box4
 Small mesh segment detected on body : Box4 
 Segment Statistics - Number of Segments : 1 --- Segment length(s) : 150.000000mm. The cutoff frequency for S-Matrix Only Solve is 999.308193333333kHz 
3 -1  861  864  # nfids, fids[]
2 859  -1  # nbids, bids[]
      7 2 1 0 #ntets ntri ned npts
           8.3190656806999996e+01   1.5019999999999999e+02  -1.5995453755000000e+02 #xyz tv0
          -6.6809343192999989e+01   1.0019999999999997e+02  -9.9954537549999998e+01 #xyz tv1
          -6.6809343193000018e+01   7.5199999999999974e+01  -9.9954537550000012e+01 #xyz tv2
          -6.6809343192999989e+01   1.5019999999999999e+02  -1.5995453755000000e+02 -1 859 #xyz tv3 fid bid
          -6.6809343192999989e+01   1.5019999999999999e+02  -1.5995453755000000e+02 #xyz tv0
          -6.6809343193000018e+01   7.5199999999999974e+01  -9.9954537550000012e+01 #xyz tv1
           8.3190656806999996e+01   1.5019999999999999e+02  -1.5995453755000000e+02 #xyz tv2
           8.1906568070000052e+00   1.9999999999998966e-01  -1.2995453755000000e+02 -1 859 #xyz tv3 fid bid
           8.3190656806999996e+01   1.5019999999999999e+02  -1.5995453755000000e+02 #xyz tv0
          -6.6809343192999989e+01   1.5019999999999999e+02  -9.9954537549999998e+01 #xyz tv1
          -6.6809343192999989e+01   1.0019999999999997e+02  -9.9954537549999998e+01 #xyz tv2
          -6.6809343192999989e+01   1.5019999999999999e+02  -1.5995453755000000e+02 -1 859 #xyz tv3 fid bid
          -7.4309343193000046e+01   1.6519999999999999e+02  -1.5995453755000000e+02 #xyz tv0
          -6.6809343192999989e+01   1.5019999999999999e+02  -1.5995453755000000e+02 #xyz tv1
          -6.6809343192999989e+01   1.5019999999999999e+02  -9.9954537549999998e+01 #xyz tv2
           8.3190656806999996e+01   1.5019999999999999e+02  -1.5995453755000000e+02 -1 859 #xyz tv3 fid bid
           8.1906568070000034e+00   1.9999999999998863e-01  -1.5995453755000000e+02 #xyz tv0
           8.1906568070000052e+00   1.9999999999998966e-01  -1.2995453755000000e+02 #xyz tv1
          -6.6809343192999989e+01   1.5019999999999999e+02  -1.5995453755000000e+02 #xyz tv2
           8.3190656806999996e+01   1.5019999999999999e+02  -1.5995453755000000e+02 -1 859 #xyz tv3 fid bid
           8.3190656806999996e+01   1.5019999999999999e+02  -1.5995453755000000e+02 #xyz tv0
          -7.4309343193000046e+01   1.6519999999999999e+02  -1.5995453755000000e+02 #xyz tv1
          -6.6809343192999989e+01   1.5019999999999999e+02  -1.5995453755000000e+02 #xyz tv2
           9.0690656807000039e+01   1.6519999999999999e+02  -1.9138310897857141e+02 -1 859 #xyz tv3 fid bid
           8.1906568070000034e+00   1.9999999999998863e-01  -1.5995453755000000e+02 #xyz tv0
          -6.6809343192999989e+01   1.5019999999999999e+02  -1.5995453755000000e+02 #xyz tv1
           9.0690656807000039e+01   1.6519999999999999e+02  -1.9138310897857141e+02 #xyz tv2
           8.3190656806999996e+01   1.5019999999999999e+02  -1.5995453755000000e+02 -1 859 #xyz tv3 fid bid
           8.1906568070000034e+00   1.9999999999998863e-01  -1.5995453755000000e+02 #xyz tv0
          -6.6809343192999989e+01   1.5019999999999999e+02  -1.5995453755000000e+02 #xyz tv1
           8.3190656806999996e+01   1.5019999999999999e+02  -1.5995453755000000e+02 861 -1 #xyz tv2 fid bid
           8.3190656806999996e+01   1.5019999999999999e+02  -1.5995453755000000e+02 #xyz tv0
          -6.6809343192999989e+01   1.5019999999999999e+02  -1.5995453755000000e+02 #xyz tv1
          -6.6809343192999989e+01   1.5019999999999999e+02  -9.9954537549999998e+01 864 -1 #xyz tv2 fid bid
          -6.6809343192999989e+01   1.5019999999999999e+02  -1.5995453755000000e+02 #xyz ev0
           8.3190656806999996e+01   1.5019999999999999e+02  -1.5995453755000000e+02 -1 859 #xyz ev1 fid bid
   0   0.000000000000e+00   0.000000000000e+00   0.000000000000e+00 #flag location
END_ERR 
G3dErrFileVersion 2018P3.1
FlagFileMetaData Begin
   Mesh Size - Setup1, Refinement, Pass #1, Freq. 5.500000e+08 :Title    
   Listing of mesh elements with poor quality. :ToolTip  
   hf3d :Author   
   1753049966 :TimeStamp
FlagFileMetaData End
BEGIN_ERR 
26 Small mesh segment detected on body : Box4
 Small mesh segment detected on body : Box4 
 Segment Statistics - Number of Segments : 1 --- Segment length(s) : 150.000000mm. The cutoff frequency for S-Matrix Only Solve is 999.308193333333kHz 
3 -1  861  864  # nfids, fids[]
2 859  -1  # nbids, bids[]
      7 2 1 0 #ntets ntri ned npts
           8.3190656806999996e+01   1.5019999999999999e+02  -1.5995453755000000e+02 #xyz tv0
          -6.6809343192999989e+01   1.0019999999999997e+02  -9.9954537549999998e+01 #xyz tv1
          -6.6809343193000018e+01   7.5199999999999974e+01  -9.9954537550000012e+01 #xyz tv2
          -6.6809343192999989e+01   1.5019999999999999e+02  -1.5995453755000000e+02 -1 859 #xyz tv3 fid bid
          -6.6809343192999989e+01   1.5019999999999999e+02  -1.5995453755000000e+02 #xyz tv0
          -6.6809343193000018e+01   7.5199999999999974e+01  -9.9954537550000012e+01 #xyz tv1
           8.3190656806999996e+01   1.5019999999999999e+02  -1.5995453755000000e+02 #xyz tv2
           8.1906568070000052e+00   1.9999999999998966e-01  -1.2995453755000000e+02 -1 859 #xyz tv3 fid bid
           8.3190656806999996e+01   1.5019999999999999e+02  -1.5995453755000000e+02 #xyz tv0
          -6.6809343192999989e+01   1.5019999999999999e+02  -9.9954537549999998e+01 #xyz tv1
          -6.6809343192999989e+01   1.0019999999999997e+02  -9.9954537549999998e+01 #xyz tv2
