G3dErrFileVersion 2018P3.1
FlagFileMetaData Begin
   Mesh Size - Setup1, Refinement, Pass #1, Freq. 1.000000e+08 :Title    
   Listing of mesh elements with poor quality. :ToolTip  
   hf3d :Author   
   1753049430 :TimeStamp
FlagFileMetaData End
BEGIN_ERR 
26 Small mesh segment detected on body : Box4
 Small mesh segment detected on body : Box4 
 Segment Statistics - Number of Segments : 1 --- Segment length(s) : 150.000000mm. The cutoff frequency for S-Matrix Only Solve is 999.308193333333kHz 
3 -1  861  864  # nfids, fids[]
2 859  -1  # nbids, bids[]
      8 2 1 0 #ntets ntri ned npts
          -6.6809343192999989e+01   1.5019999999999999e+02  -1.5995453755000000e+02 #xyz tv0
          -6.6809343193000018e+01   7.5199999999999974e+01  -9.9954537550000012e+01 #xyz tv1
           8.3190656806999996e+01   1.5019999999999999e+02  -1.5995453755000000e+02 #xyz tv2
           8.1906568069999963e+00   1.9999999999998852e-01  -1.2608551798209325e+02 -1 859 #xyz tv3 fid bid
           8.3190656806999996e+01   1.5019999999999999e+02  -1.5995453755000000e+02 #xyz tv0
          -7.4309343193000046e+01   1.6519999999999999e+02  -1.5995453755000000e+02 #xyz tv1
          -6.6809343192999989e+01   1.5019999999999999e+02  -1.5995453755000000e+02 #xyz tv2
           9.0690656807000039e+01   1.6519999999999999e+02  -1.9138310897857141e+02 -1 859 #xyz tv3 fid bid
          -6.6809343192999989e+01   1.5019999999999999e+02  -1.5995453755000000e+02 #xyz tv0
           8.3190656806999996e+01   1.5019999999999999e+02  -1.5995453755000000e+02 #xyz tv1
          -6.6809343193000018e+01   7.5199999999999974e+01  -9.9954537550000012e+01 #xyz tv2
          -6.6809343192999989e+01   1.0019999999999997e+02  -9.9954537549999998e+01 -1 859 #xyz tv3 fid bid
          -6.6809343192999989e+01   1.5019999999999999e+02  -1.5995453755000000e+02 #xyz tv0
           8.3190656806999996e+01   1.5019999999999999e+02  -1.5995453755000000e+02 #xyz tv1
           8.1906568069999963e+00   1.9999999999998863e-01  -1.9138310897857141e+02 #xyz tv2
           8.1906568070000034e+00   1.9999999999998863e-01  -1.5995453755000000e+02 -1 859 #xyz tv3 fid bid
          -6.6809343192999989e+01   1.5019999999999999e+02  -1.5995453755000000e+02 #xyz tv0
           8.1906568069999963e+00   1.9999999999998863e-01  -1.9138310897857141e+02 #xyz tv1
           8.3190656806999996e+01   1.5019999999999999e+02  -1.5995453755000000e+02 #xyz tv2
           9.0690656807000039e+01   1.6519999999999999e+02  -1.9138310897857141e+02 -1 859 #xyz tv3 fid bid
           8.1906568070000034e+00   1.9999999999998863e-01  -1.5995453755000000e+02 #xyz tv0
           8.1906568069999963e+00   1.9999999999998852e-01  -1.2608551798209325e+02 #xyz tv1
          -6.6809343192999989e+01   1.5019999999999999e+02  -1.5995453755000000e+02 #xyz tv2
           8.3190656806999996e+01   1.5019999999999999e+02  -1.5995453755000000e+02 -1 859 #xyz tv3 fid bid
          -7.4309343193000046e+01   1.6519999999999999e+02  -1.5995453755000000e+02 #xyz tv0
          -6.6809343192999989e+01   1.5019999999999999e+02  -1.5995453755000000e+02 #xyz tv1
          -6.6809343192999989e+01   1.5019999999999999e+02  -1.2063977911510830e+02 #xyz tv2
           8.3190656806999996e+01   1.5019999999999999e+02  -1.5995453755000000e+02 -1 859 #xyz tv3 fid bid
          -6.6809343192999989e+01   1.5019999999999999e+02  -1.5995453755000000e+02 #xyz tv0
           8.3190656806999996e+01   1.5019999999999999e+02  -1.5995453755000000e+02 #xyz tv1
          -6.6809343192999989e+01   1.0019999999999997e+02  -9.9954537549999998e+01 #xyz tv2
          -6.6809343192999989e+01   1.5019999999999999e+02  -1.2063977911510830e+02 -1 859 #xyz tv3 fid bid
           8.1906568070000034e+00   1.9999999999998863e-01  -1.5995453755000000e+02 #xyz tv0
          -6.6809343192999989e+01   1.5019999999999999e+02  -1.5995453755000000e+02 #xyz tv1
           8.3190656806999996e+01   1.5019999999999999e+02  -1.5995453755000000e+02 861 -1 #xyz tv2 fid bid
           8.3190656806999996e+01   1.5019999999999999e+02  -1.5995453755000000e+02 #xyz tv0
          -6.6809343192999989e+01   1.5019999999999999e+02  -1.5995453755000000e+02 #xyz tv1
          -6.6809343192999989e+01   1.5019999999999999e+02  -1.2063977911510830e+02 864 -1 #xyz tv2 fid bid
          -6.6809343192999989e+01   1.5019999999999999e+02  -1.5995453755000000e+02 #xyz ev0
           8.3190656806999996e+01   1.5019999999999999e+02  -1.5995453755000000e+02 -1 859 #xyz ev1 fid bid
   0   0.000000000000e+00   0.000000000000e+00   0.000000000000e+00 #flag location
END_ERR 
G3dErrFileVersion 2018P3.1
FlagFileMetaData Begin
   Mesh Size - Setup1, Refinement, Pass #1, Freq. 5.500000e+08 :Title    
   Listing of mesh elements with poor quality. :ToolTip  
   hf3d :Author   
   1753049432 :TimeStamp
FlagFileMetaData End
BEGIN_ERR 
26 Small mesh segment detected on body : Box4
 Small mesh segment detected on body : Box4 
 Segment Statistics - Number of Segments : 1 --- Segment length(s) : 150.000000mm. The cutoff frequency for S-Matrix Only Solve is 999.308193333333kHz 
3 -1  861  864  # nfids, fids[]
2 859  -1  # nbids, bids[]
      8 2 1 0 #ntets ntri ned npts
          -6.6809343192999989e+01   1.5019999999999999e+02  -1.5995453755000000e+02 #xyz tv0
          -6.6809343193000018e+01   7.5199999999999974e+01  -9.9954537550000012e+01 #xyz tv1
           8.3190656806999996e+01   1.5019999999999999e+02  -1.5995453755000000e+02 #xyz tv2
           8.1906568069999963e+00   1.9999999999998852e-01  -1.2608551798209325e+02 -1 859 #xyz tv3 fid bid
           8.3190656806999996e+01   1.5019999999999999e+02  -1.5995453755000000e+02 #xyz tv0
          -7.4309343193000046e+01   1.6519999999999999e+02  -1.5995453755000000e+02 #xyz tv1
          -6.6809343192999989e+01   1.5019999999999999e+02  -1.5995453755000000e+02 #xyz tv2
           9.0690656807000039e+01   1.6519999999999999e+02  -1.9138310897857141e+02 -1 859 #xyz tv3 fid bid
          -6.6809343192999989e+01   1.5019999999999999e+02  -1.5995453755000000e+02 #xyz tv0
           8.3190656806999996e+01   1.5019999999999999e+02  -1.5995453755000000e+02 #xyz tv1
          -6.6809343193000018e+01   7.5199999999999974e+01  -9.9954537550000012e+01 #xyz tv2
          -6.6809343192999989e+01   1.0019999999999997e+02  -9.9954537549999998e+01 -1 859 #xyz tv3 fid bid
          -6.6809343192999989e+01   1.5019999999999999e+02  -1.5995453755000000e+02 #xyz tv0
           8.3190656806999996e+01   1.5019999999999999e+02  -1.5995453755000000e+02 #xyz tv1
           8.1906568069999963e+00   1.9999999999998863e-01  -1.9138310897857141e+02 #xyz tv2
           8.1906568070000034e+00   1.9999999999998863e-01  -1.5995453755000000e+02 -1 859 #xyz tv3 fid bid
          -6.6809343192999989e+01   1.5019999999999999e+02  -1.5995453755000000e+02 #xyz tv0
           8.1906568069999963e+00   1.9999999999998863e-01  -1.9138310897857141e+02 #xyz tv1
           8.3190656806999996e+01   1.5019999999999999e+02  -1.5995453755000000e+02 #xyz tv2
           9.0690656807000039e+01   1.6519999999999999e+02  -1.9138310897857141e+02 -1 859 #xyz tv3 fid bid
           8.1906568070000034e+00   1.9999999999998863e-01  -1.5995453755000000e+02 #xyz tv0
           8.1906568069999963e+00   1.9999999999998852e-01  -1.2608551798209325e+02 #xyz tv1
          -6.6809343192999989e+01   1.5019999999999999e+02  -1.5995453755000000e+02 #xyz tv2
           8.3190656806999996e+01   1.5019999999999999e+02  -1.5995453755000000e+02 -1 859 #xyz tv3 fid bid
          -7.4309343193000046e+01   1.6519999999999999e+02  -1.5995453755000000e+02 #xyz tv0
          -6.6809343192999989e+01   1.5019999999999999e+02  -1.5995453755000000e+02 #xyz tv1
          -6.6809343192999989e+01   1.5019999999999999e+02  -1.2063977911510830e+02 #xyz tv2
           8.3190656806999996e+01   1.5019999999999999e+02  -1.5995453755000000e+02 -1 859 #xyz tv3 fid bid
          -6.6809343192999989e+01   1.5019999999999999e+02  -1.5995453755000000e+02 #xyz tv0
           8.3190656806999996e+01   1.5019999999999999e+02  -1.5995453755000000e+02 #xyz tv1
          -6.6809343192999989e+01   1.0019999999999997e+02  -9.9954537549999998e+01 #xyz tv2
          -6.6809343192999989e+01   1.5019999999999999e+02  -1.2063977911510830e+02 -1 859 #xyz tv3 fid bid
           8.1906568070000034e+00   1.9999999999998863e-01  -1.5995453755000000e+02 #xyz tv0
          -6.6809343192999989e+01   1.5019999999999999e+02  -1.5995453755000000e+02 #xyz tv1
           8.3190656806999996e+01   1.5019999999999999e+02  -1.5995453755000000e+02 861 -1 #xyz tv2 fid bid
           8.3190656806999996e+01   1.5019999999999999e+02  -1.5995453755000000e+02 #xyz tv0
          -6.6809343192999989e+01   1.5019999999999999e+02  -1.5995453755000000e+02 #xyz tv1
          -6.6809343192999989e+01   1.5019999999999999e+02  -1.2063977911510830e+02 864 -1 #xyz tv2 fid bid
          -6.6809343192999989e+01   1.5019999999999999e+02  -1.5995453755000000e+02 #xyz ev0
           8.3190656806999996e+01   1.5019999999999999e+02  -1.5995453755000000e+02 -1 859 #xyz ev1 fid bid
   0   0.000000000000e+00   0.000000000000e+00   0.000000000000e+00 #flag location
END_ERR 
G3dErrFileVersion 2018P3.1
FlagFileMetaData Begin
   Mesh Size - Setup1, Refinement, Pass #2, Freq. 5.500000e+08 :Title    
   Listing of mesh elements with poor quality. :ToolTip  
   hf3d :Author   
   1753049435 :TimeStamp
FlagFileMetaData End
BEGIN_ERR 
26 Small mesh segment detected on body : Box4
 Small mesh segment detected on body : Box4 
 Segment Statistics - Number of Segments : 1 --- Segment length(s) : 167.705098mm. The cutoff frequency for S-Matrix Only Solve is 999.308193333333kHz 
2 -1  861  # nfids, fids[]
2 859  -1  # nbids, bids[]
      4 2 1 0 #ntets ntri ned npts
           8.3190656806999996e+01   1.9999999999998863e-01  -1.5995453755000000e+02 #xyz tv0
           1.0233724033890745e+01   1.8633706816059746e+01  -1.1972257677567038e+02 #xyz tv1
           8.1906568070000034e+00   1.9999999999998863e-01  -1.5995453755000000e+02 #xyz tv2
           8.3190656806999996e+01   1.5019999999999999e+02  -1.5995453755000000e+02 -1 859 #xyz tv3 fid bid
           8.3190656806999996e+01   1.5019999999999999e+02  -1.5995453755000000e+02 #xyz tv0
           8.3190656806999996e+01   1.9999999999998863e-01  -1.5995453755000000e+02 #xyz tv1
           1.7357323473666668e+01   1.9999999999998863e-01  -1.9138310897857141e+02 #xyz tv2
           8.1906568070000034e+00   1.9999999999998863e-01  -1.5995453755000000e+02 -1 859 #xyz tv3 fid bid
           8.1906568070000034e+00   1.9999999999998863e-01  -1.5995453755000000e+02 #xyz tv0
           1.0233724033890745e+01   1.8633706816059746e+01  -1.1972257677567038e+02 #xyz tv1
          -6.6809343192999989e+01   1.5019999999999999e+02  -1.5995453755000000e+02 #xyz tv2
           8.3190656806999996e+01   1.5019999999999999e+02  -1.5995453755000000e+02 -1 859 #xyz tv3 fid bid
          -6.6809343192999989e+01   1.5019999999999999e+02  -1.5995453755000000e+02 #xyz tv0
           8.3190656806999996e+01   1.5019999999999999e+02  -1.5995453755000000e+02 #xyz tv1
           1.7357323473666668e+01   1.9999999999998863e-01  -1.9138310897857141e+02 #xyz tv2
           8.1906568070000034e+00   1.9999999999998863e-01  -1.5995453755000000e+02 -1 859 #xyz tv3 fid bid
           8.1906568070000034e+00   1.9999999999998863e-01  -1.5995453755000000e+02 #xyz tv0
          -6.6809343192999989e+01   1.5019999999999999e+02  -1.5995453755000000e+02 #xyz tv1
           8.3190656806999996e+01   1.5019999999999999e+02  -1.5995453755000000e+02 861 -1 #xyz tv2 fid bid
           8.3190656806999996e+01   1.9999999999998863e-01  -1.5995453755000000e+02 #xyz tv0
           8.1906568070000034e+00   1.9999999999998863e-01  -1.5995453755000000e+02 #xyz tv1
           8.3190656806999996e+01   1.5019999999999999e+02  -1.5995453755000000e+02 861 -1 #xyz tv2 fid bid
           8.3190656806999996e+01   1.5019999999999999e+02  -1.5995453755000000e+02 #xyz ev0
           8.1906568070000034e+00   1.9999999999998863e-01  -1.5995453755000000e+02 -1 859 #xyz ev1 fid bid
   0   0.000000000000e+00   0.000000000000e+00   0.000000000000e+00 #flag location
END_ERR 
G3dErrFileVersion 2018P3.1
FlagFileMetaData Begin
   Mesh Size - Setup1, Refinement, Pass #2, Freq. 5.500000e+08 :Title    
   Listing of mesh elements with poor quality. :ToolTip  
   hf3d :Author   
   1753086642 :TimeStamp
FlagFileMetaData End
BEGIN_ERR 
26 Small mesh segment detected on body : Box4
 Small mesh segment detected on body : Box4 
 Segment Statistics - Number of Segments : 1 --- Segment length(s) : 167.705098mm. The cutoff frequency for S-Matrix Only Solve is 999.308193333333kHz 
2 -1  861  # nfids, fids[]
2 859  -1  # nbids, bids[]
      4 2 1 0 #ntets ntri ned npts
           8.3190656806999996e+01   1.9999999999998863e-01  -1.5995453755000000e+02 #xyz tv0
           1.0233724033890745e+01   1.8633706816059746e+01  -1.1972257677567038e+02 #xyz tv1
           8.1906568070000034e+00   1.9999999999998863e-01  -1.5995453755000000e+02 #xyz tv2
           8.3190656806999996e+01   1.5019999999999999e+02  -1.5995453755000000e+02 -1 859 #xyz tv3 fid bid
           8.3190656806999996e+01   1.5019999999999999e+02  -1.5995453755000000e+02 #xyz tv0
           8.3190656806999996e+01   1.9999999999998863e-01  -1.5995453755000000e+02 #xyz tv1
           1.7357323473666668e+01   1.9999999999998863e-01  -1.9138310897857141e+02 #xyz tv2
           8.1906568070000034e+00   1.9999999999998863e-01  -1.5995453755000000e+02 -1 859 #xyz tv3 fid bid
           8.1906568070000034e+00   1.9999999999998863e-01  -1.5995453755000000e+02 #xyz tv0
           1.0233724033890745e+01   1.8633706816059746e+01  -1.1972257677567038e+02 #xyz tv1
          -6.6809343192999989e+01   1.5019999999999999e+02  -1.5995453755000000e+02 #xyz tv2
           8.3190656806999996e+01   1.5019999999999999e+02  -1.5995453755000000e+02 -1 859 #xyz tv3 fid bid
          -6.6809343192999989e+01   1.5019999999999999e+02  -1.5995453755000000e+02 #xyz tv0
           8.3190656806999996e+01   1.5019999999999999e+02  -1.5995453755000000e+02 #xyz tv1
           1.7357323473666668e+01   1.9999999999998863e-01  -1.9138310897857141e+02 #xyz tv2
           8.1906568070000034e+00   1.9999999999998863e-01  -1.5995453755000000e+02 -1 859 #xyz tv3 fid bid
           8.1906568070000034e+00   1.9999999999998863e-01  -1.5995453755000000e+02 #xyz tv0
          -6.6809343192999989e+01   1.5019999999999999e+02  -1.5995453755000000e+02 #xyz tv1
           8.3190656806999996e+01   1.5019999999999999e+02  -1.5995453755000000e+02 861 -1 #xyz tv2 fid bid
           8.3190656806999996e+01   1.9999999999998863e-01  -1.5995453755000000e+02 #xyz tv0
           8.1906568070000034e+00   1.9999999999998863e-01  -1.5995453755000000e+02 #xyz tv1
           8.3190656806999996e+01   1.5019999999999999e+02  -1.5995453755000000e+02 861 -1 #xyz tv2 fid bid
           8.3190656806999996e+01   1.5019999999999999e+02  -1.5995453755000000e+02 #xyz ev0
           8.1906568070000034e+00   1.9999999999998863e-01  -1.5995453755000000e+02 -1 859 #xyz ev1 fid bid
   0   0.000000000000e+00   0.000000000000e+00   0.000000000000e+00 #flag location
END_ERR 
G3dErrFileVersion 2018P3.1
FlagFileMetaData Begin
   Mesh Size - Setup1, Refinement, Pass #3, Freq. 5.500000e+08 :Title    
   Listing of mesh elements with poor quality. :ToolTip  
   hf3d :Author   
   1753086646 :TimeStamp
FlagFileMetaData End
BEGIN_ERR 
26 Small mesh segment detected on body : Box4
 Small mesh segment detected on body : Box4 
 Segment Statistics - Number of Segments : 1 --- Segment length(s) : 69.850627mm. The cutoff frequency for S-Matrix Only Solve is 999.308193333333kHz 
3 -1  565  718  # nfids, fids[]
2 859  -1  # nbids, bids[]
      6 4 1 0 #ntets ntri ned npts
           2.7317708912959318e+01  -7.8795537741603026e+00  -9.9954537550000055e+01 #xyz tv0
           8.3190656806999996e+01   1.9999999999998863e-01  -1.5995453755000000e+02 #xyz tv1
           8.3190656806999982e+01  -4.9800000000000004e+01  -9.9954537550000083e+01 #xyz tv2
           8.3190656806999982e+01  -2.4800000000000008e+01  -9.9954537550000069e+01 -1 859 #xyz tv3 fid bid
           8.3190656806999982e+01  -4.9800000000000004e+01  -9.9954537550000083e+01 #xyz tv0
           4.5690656806999996e+01   1.9999999999999579e-01  -7.5204537550000040e+01 #xyz tv1
           8.3190656806999982e+01  -7.0458403738775914e+01  -8.9336687935616638e+01 #xyz tv2
           2.7317708912959318e+01  -7.8795537741603026e+00  -9.9954537550000055e+01 -1 859 #xyz tv3 fid bid
           8.3190656806999982e+01  -4.9800000000000004e+01  -9.9954537550000083e+01 #xyz tv0
           8.3190656806999982e+01  -2.4800000000000008e+01  -9.9954537550000069e+01 #xyz tv1
           4.5690656806999996e+01   1.9999999999999579e-01  -7.5204537550000040e+01 #xyz tv2
           2.7317708912959318e+01  -7.8795537741603026e+00  -9.9954537550000055e+01 -1 859 #xyz tv3 fid bid
           2.7317708912959318e+01  -7.8795537741603026e+00  -9.9954537550000055e+01 #xyz tv0
           8.3190656806999982e+01  -4.9800000000000004e+01  -9.9954537550000083e+01 #xyz tv1
           8.3190656806999996e+01   1.9999999999998863e-01  -1.5995453755000000e+02 #xyz tv2
           8.1906568070000034e+00   1.9999999999998863e-01  -1.5995453755000000e+02 -1 859 #xyz tv3 fid bid
           2.7317708912959318e+01  -7.8795537741603026e+00  -9.9954537550000055e+01 #xyz tv0
           8.3190656806999982e+01  -7.0458403738775914e+01  -8.9336687935616638e+01 #xyz tv1
           8.3190656806999982e+01  -4.9800000000000004e+01  -9.9954537550000083e+01 #xyz tv2
           1.3422297147504842e+01  -5.3695804981121114e+01  -9.9954537550000083e+01 -1 859 #xyz tv3 fid bid
           2.7317708912959318e+01  -7.8795537741603026e+00  -9.9954537550000055e+01 #xyz tv0
           8.3190656806999982e+01  -4.9800000000000004e+01  -9.9954537550000083e+01 #xyz tv1
           8.1906568070000034e+00   1.9999999999998863e-01  -1.5995453755000000e+02 #xyz tv2
           1.3422297147504842e+01  -5.3695804981121114e+01  -9.9954537550000083e+01 -1 859 #xyz tv3 fid bid
           8.3190656806999982e+01  -2.4800000000000008e+01  -9.9954537550000069e+01 #xyz tv0
           8.3190656806999982e+01  -4.9800000000000004e+01  -9.9954537550000083e+01 #xyz tv1
           2.7317708912959318e+01  -7.8795537741603026e+00  -9.9954537550000055e+01 565 -1 #xyz tv2 fid bid
           8.3190656806999982e+01  -2.4800000000000008e+01  -9.9954537550000069e+01 #xyz tv0
           8.3190656806999982e+01  -4.9800000000000004e+01  -9.9954537550000083e+01 #xyz tv1
           2.7317708912959318e+01  -7.8795537741603026e+00  -9.9954537550000055e+01 718 -1 #xyz tv2 fid bid
           1.3422297147504842e+01  -5.3695804981121114e+01  -9.9954537550000083e+01 #xyz tv0
           2.7317708912959318e+01  -7.8795537741603026e+00  -9.9954537550000055e+01 #xyz tv1
           8.3190656806999982e+01  -4.9800000000000004e+01  -9.9954537550000083e+01 565 -1 #xyz tv2 fid bid
           1.3422297147504842e+01  -5.3695804981121114e+01  -9.9954537550000083e+01 #xyz tv0
           2.7317708912959318e+01  -7.8795537741603026e+00  -9.9954537550000055e+01 #xyz tv1
           8.3190656806999982e+01  -4.9800000000000004e+01  -9.9954537550000083e+01 718 -1 #xyz tv2 fid bid
           8.3190656806999982e+01  -4.9800000000000004e+01  -9.9954537550000083e+01 #xyz ev0
           2.7317708912959318e+01  -7.8795537741603026e+00  -9.9954537550000055e+01 -1 859 #xyz ev1 fid bid
   0   0.000000000000e+00   0.000000000000e+00   0.000000000000e+00 #flag location
END_ERR 
G3dErrFileVersion 2018P3.1
FlagFileMetaData Begin
   Mesh Size - Setup1, Refinement, Pass #3, Freq. 5.500000e+08 :Title    
   Listing of mesh elements with poor quality. :ToolTip  
   hf3d :Author   
   1753086932 :TimeStamp
FlagFileMetaData End
BEGIN_ERR 
26 Small mesh segment detected on body : Box4
 Small mesh segment detected on body : Box4 
 Segment Statistics - Number of Segments : 1 --- Segment length(s) : 69.850627mm. The cutoff frequency for S-Matrix Only Solve is 999.308193333333kHz 
3 -1  565  718  # nfids, fids[]
2 859  -1  # nbids, bids[]
      6 4 1 0 #ntets ntri ned npts
           2.7317708912959318e+01  -7.8795537741603026e+00  -9.9954537550000055e+01 #xyz tv0
           8.3190656806999996e+01   1.9999999999998863e-01  -1.5995453755000000e+02 #xyz tv1
           8.3190656806999982e+01  -4.9800000000000004e+01  -9.9954537550000083e+01 #xyz tv2
           8.3190656806999982e+01  -2.4800000000000008e+01  -9.9954537550000069e+01 -1 859 #xyz tv3 fid bid
           8.3190656806999982e+01  -4.9800000000000004e+01  -9.9954537550000083e+01 #xyz tv0
           4.5690656806999996e+01   1.9999999999999579e-01  -7.5204537550000040e+01 #xyz tv1
           8.3190656806999982e+01  -7.0458403738775914e+01  -8.9336687935616638e+01 #xyz tv2
           2.7317708912959318e+01  -7.8795537741603026e+00  -9.9954537550000055e+01 -1 859 #xyz tv3 fid bid
           8.3190656806999982e+01  -4.9800000000000004e+01  -9.9954537550000083e+01 #xyz tv0
           8.3190656806999982e+01  -2.4800000000000008e+01  -9.9954537550000069e+01 #xyz tv1
           4.5690656806999996e+01   1.9999999999999579e-01  -7.5204537550000040e+01 #xyz tv2
           2.7317708912959318e+01  -7.8795537741603026e+00  -9.9954537550000055e+01 -1 859 #xyz tv3 fid bid
           2.7317708912959318e+01  -7.8795537741603026e+00  -9.9954537550000055e+01 #xyz tv0
           8.3190656806999982e+01  -4.9800000000000004e+01  -9.9954537550000083e+01 #xyz tv1
           8.3190656806999996e+01   1.9999999999998863e-01  -1.5995453755000000e+02 #xyz tv2
           8.1906568070000034e+00   1.9999999999998863e-01  -1.5995453755000000e+02 -1 859 #xyz tv3 fid bid
           2.7317708912959318e+01  -7.8795537741603026e+00  -9.9954537550000055e+01 #xyz tv0
           8.3190656806999982e+01  -7.0458403738775914e+01  -8.9336687935616638e+01 #xyz tv1
           8.3190656806999982e+01  -4.9800000000000004e+01  -9.9954537550000083e+01 #xyz tv2
           1.3422297147504842e+01  -5.3695804981121114e+01  -9.9954537550000083e+01 -1 859 #xyz tv3 fid bid
           2.7317708912959318e+01  -7.8795537741603026e+00  -9.9954537550000055e+01 #xyz tv0
           8.3190656806999982e+01  -4.9800000000000004e+01  -9.9954537550000083e+01 #xyz tv1
           8.1906568070000034e+00   1.9999999999998863e-01  -1.5995453755000000e+02 #xyz tv2
           1.3422297147504842e+01  -5.3695804981121114e+01  -9.9954537550000083e+01 -1 859 #xyz tv3 fid bid
           8.3190656806999982e+01  -2.4800000000000008e+01  -9.9954537550000069e+01 #xyz tv0
           8.3190656806999982e+01  -4.9800000000000004e+01  -9.9954537550000083e+01 #xyz tv1
           2.7317708912959318e+01  -7.8795537741603026e+00  -9.9954537550000055e+01 565 -1 #xyz tv2 fid bid
           8.3190656806999982e+01  -2.4800000000000008e+01  -9.9954537550000069e+01 #xyz tv0
           8.3190656806999982e+01  -4.9800000000000004e+01  -9.9954537550000083e+01 #xyz tv1
           2.7317708912959318e+01  -7.8795537741603026e+00  -9.9954537550000055e+01 718 -1 #xyz tv2 fid bid
           1.3422297147504842e+01  -5.3695804981121114e+01  -9.9954537550000083e+01 #xyz tv0
           2.7317708912959318e+01  -7.8795537741603026e+00  -9.9954537550000055e+01 #xyz tv1
           8.3190656806999982e+01  -4.9800000000000004e+01  -9.9954537550000083e+01 565 -1 #xyz tv2 fid bid
           1.3422297147504842e+01  -5.3695804981121114e+01  -9.9954537550000083e+01 #xyz tv0
           2.7317708912959318e+01  -7.8795537741603026e+00  -9.9954537550000055e+01 #xyz tv1
           8.3190656806999982e+01  -4.9800000000000004e+01  -9.9954537550000083e+01 718 -1 #xyz tv2 fid bid
           8.3190656806999982e+01  -4.9800000000000004e+01  -9.9954537550000083e+01 #xyz ev0
           2.7317708912959318e+01  -7.8795537741603026e+00  -9.9954537550000055e+01 -1 859 #xyz ev1 fid bid
   0   0.000000000000e+00   0.000000000000e+00   0.000000000000e+00 #flag location
END_ERR 
G3dErrFileVersion 2018P3.1
FlagFileMetaData Begin
   Mesh Size - Setup1, Refinement, Pass #4, Freq. 5.500000e+08 :Title    
   Listing of mesh elements with poor quality. :ToolTip  
   hf3d :Author   
   1753086936 :TimeStamp
FlagFileMetaData End
BEGIN_ERR 
26 Small mesh segment detected on body : Box3
 Small mesh segment detected on body : Box3 
 Segment Statistics - Number of Segments : 1 --- Segment length(s) : 36.423112mm. The cutoff frequency for S-Matrix Only Solve is 999.308193333333kHz 
3 -1  565  718  # nfids, fids[]
2 716  -1  # nbids, bids[]
      7 4 1 0 #ntets ntri ned npts
          -6.6809343193000061e+01  -3.8539013671875026e+01  -9.9954537550000083e+01 #xyz tv0
          -6.6809343193000061e+01  -6.5540440940388436e+01  -7.2209478386747847e+01 #xyz tv1
          -3.1837920628482294e+01  -4.8719520494476384e+01  -9.9954537550000083e+01 #xyz tv2
          -6.6809343193000061e+01  -7.4800000000000054e+01  -8.7579537550000069e+01 -1 716 #xyz tv3 fid bid
          -6.6809343193000061e+01  -3.8539013671875026e+01  -9.9954537550000083e+01 #xyz tv0
          -6.6809343193000061e+01  -6.5540440940388436e+01  -7.2209478386747847e+01 #xyz tv1
          -4.7709266095203006e+01  -4.8124575947782972e+01  -7.4676102107501606e+01 #xyz tv2
          -3.1837920628482294e+01  -4.8719520494476384e+01  -9.9954537550000083e+01 -1 716 #xyz tv3 fid bid
          -6.6809343193000061e+01  -7.4800000000000054e+01  -9.9954537550000083e+01 #xyz tv0
          -3.1837920628482294e+01  -4.8719520494476384e+01  -9.9954537550000083e+01 #xyz tv1
          -6.6809343193000061e+01  -7.4800000000000054e+01  -8.7579537550000069e+01 #xyz tv2
          -6.6809343193000061e+01  -3.8539013671875026e+01  -9.9954537550000083e+01 -1 716 #xyz tv3 fid bid
          -4.9319436371871298e+01  -3.1243074976269561e+01  -8.6804853502392405e+01 #xyz tv0
          -4.7709266095203006e+01  -4.8124575947782972e+01  -7.4676102107501606e+01 #xyz tv1
          -3.1837920628482294e+01  -4.8719520494476384e+01  -9.9954537550000083e+01 #xyz tv2
          -6.6809343193000061e+01  -3.8539013671875026e+01  -9.9954537550000083e+01 -1 716 #xyz tv3 fid bid
          -6.6809343192999989e+01   1.9999999999998863e-01  -1.5995453755000000e+02 #xyz tv0
          -6.6809343193000061e+01  -3.8539013671875026e+01  -9.9954537550000083e+01 #xyz tv1
          -3.1837920628482294e+01  -4.8719520494476384e+01  -9.9954537550000083e+01 #xyz tv2
          -6.6809343193000061e+01  -7.4800000000000054e+01  -9.9954537550000083e+01 -1 716 #xyz tv3 fid bid
          -4.9319436371871298e+01  -3.1243074976269561e+01  -8.6804853502392405e+01 #xyz tv0
          -3.1837920628482294e+01  -4.8719520494476384e+01  -9.9954537550000083e+01 #xyz tv1
          -4.6072402679680394e+01  -2.0511307813206230e+01  -9.9954537550000069e+01 #xyz tv2
          -6.6809343193000061e+01  -3.8539013671875026e+01  -9.9954537550000083e+01 -1 716 #xyz tv3 fid bid
          -4.6072402679680394e+01  -2.0511307813206230e+01  -9.9954537550000069e+01 #xyz tv0
          -3.1837920628482294e+01  -4.8719520494476384e+01  -9.9954537550000083e+01 #xyz tv1
          -6.6809343192999989e+01   1.9999999999998863e-01  -1.5995453755000000e+02 #xyz tv2
          -6.6809343193000061e+01  -3.8539013671875026e+01  -9.9954537550000083e+01 -1 716 #xyz tv3 fid bid
          -6.6809343193000061e+01  -7.4800000000000054e+01  -9.9954537550000083e+01 #xyz tv0
          -6.6809343193000061e+01  -3.8539013671875026e+01  -9.9954537550000083e+01 #xyz tv1
          -3.1837920628482294e+01  -4.8719520494476384e+01  -9.9954537550000083e+01 565 -1 #xyz tv2 fid bid
          -6.6809343193000061e+01  -7.4800000000000054e+01  -9.9954537550000083e+01 #xyz tv0
          -6.6809343193000061e+01  -3.8539013671875026e+01  -9.9954537550000083e+01 #xyz tv1
          -3.1837920628482294e+01  -4.8719520494476384e+01  -9.9954537550000083e+01 718 -1 #xyz tv2 fid bid
          -4.6072402679680394e+01  -2.0511307813206230e+01  -9.9954537550000069e+01 #xyz tv0
          -3.1837920628482294e+01  -4.8719520494476384e+01  -9.9954537550000083e+01 #xyz tv1
          -6.6809343193000061e+01  -3.8539013671875026e+01  -9.9954537550000083e+01 565 -1 #xyz tv2 fid bid
          -4.6072402679680394e+01  -2.0511307813206230e+01  -9.9954537550000069e+01 #xyz tv0
          -3.1837920628482294e+01  -4.8719520494476384e+01  -9.9954537550000083e+01 #xyz tv1
          -6.6809343193000061e+01  -3.8539013671875026e+01  -9.9954537550000083e+01 718 -1 #xyz tv2 fid bid
          -6.6809343193000061e+01  -3.8539013671875026e+01  -9.9954537550000083e+01 #xyz ev0
          -3.1837920628482294e+01  -4.8719520494476384e+01  -9.9954537550000083e+01 -1 716 #xyz ev1 fid bid
   0   0.000000000000e+00   0.000000000000e+00   0.000000000000e+00 #flag location
END_ERR 
G3dErrFileVersion 2018P3.1
FlagFileMetaData Begin
   Mesh Size - Setup1, Refinement, Pass #4, Freq. 5.500000e+08 :Title    
   Listing of mesh elements with poor quality. :ToolTip  
   hf3d :Author   
   1753087071 :TimeStamp
FlagFileMetaData End
BEGIN_ERR 
26 Small mesh segment detected on body : Box3
 Small mesh segment detected on body : Box3 
 Segment Statistics - Number of Segments : 1 --- Segment length(s) : 36.423112mm. The cutoff frequency for S-Matrix Only Solve is 999.308193333333kHz 
3 -1  565  718  # nfids, fids[]
2 716  -1  # nbids, bids[]
      7 4 1 0 #ntets ntri ned npts
          -6.6809343193000061e+01  -3.8539013671875026e+01  -9.9954537550000083e+01 #xyz tv0
          -6.6809343193000061e+01  -6.5540440940388436e+01  -7.2209478386747847e+01 #xyz tv1
          -3.1837920628482294e+01  -4.8719520494476384e+01  -9.9954537550000083e+01 #xyz tv2
          -6.6809343193000061e+01  -7.4800000000000054e+01  -8.7579537550000069e+01 -1 716 #xyz tv3 fid bid
          -6.6809343193000061e+01  -3.8539013671875026e+01  -9.9954537550000083e+01 #xyz tv0
          -6.6809343193000061e+01  -6.5540440940388436e+01  -7.2209478386747847e+01 #xyz tv1
          -4.7709266095203006e+01  -4.8124575947782972e+01  -7.4676102107501606e+01 #xyz tv2
          -3.1837920628482294e+01  -4.8719520494476384e+01  -9.9954537550000083e+01 -1 716 #xyz tv3 fid bid
          -6.6809343193000061e+01  -7.4800000000000054e+01  -9.9954537550000083e+01 #xyz tv0
          -3.1837920628482294e+01  -4.8719520494476384e+01  -9.9954537550000083e+01 #xyz tv1
          -6.6809343193000061e+01  -7.4800000000000054e+01  -8.7579537550000069e+01 #xyz tv2
          -6.6809343193000061e+01  -3.8539013671875026e+01  -9.9954537550000083e+01 -1 716 #xyz tv3 fid bid
          -4.9319436371871298e+01  -3.1243074976269561e+01  -8.6804853502392405e+01 #xyz tv0
          -4.7709266095203006e+01  -4.8124575947782972e+01  -7.4676102107501606e+01 #xyz tv1
          -3.1837920628482294e+01  -4.8719520494476384e+01  -9.9954537550000083e+01 #xyz tv2
          -6.6809343193000061e+01  -3.8539013671875026e+01  -9.9954537550000083e+01 -1 716 #xyz tv3 fid bid
          -6.6809343192999989e+01   1.9999999999998863e-01  -1.5995453755000000e+02 #xyz tv0
          -6.6809343193000061e+01  -3.8539013671875026e+01  -9.9954537550000083e+01 #xyz tv1
          -3.1837920628482294e+01  -4.8719520494476384e+01  -9.9954537550000083e+01 #xyz tv2
          -6.6809343193000061e+01  -7.4800000000000054e+01  -9.9954537550000083e+01 -1 716 #xyz tv3 fid bid
          -4.9319436371871298e+01  -3.1243074976269561e+01  -8.6804853502392405e+01 #xyz tv0
          -3.1837920628482294e+01  -4.8719520494476384e+01  -9.9954537550000083e+01 #xyz tv1
          -4.6072402679680394e+01  -2.0511307813206230e+01  -9.9954537550000069e+01 #xyz tv2
          -6.6809343193000061e+01  -3.8539013671875026e+01  -9.9954537550000083e+01 -1 716 #xyz tv3 fid bid
          -4.6072402679680394e+01  -2.0511307813206230e+01  -9.9954537550000069e+01 #xyz tv0
          -3.1837920628482294e+01  -4.8719520494476384e+01  -9.9954537550000083e+01 #xyz tv1
          -6.6809343192999989e+01   1.9999999999998863e-01  -1.5995453755000000e+02 #xyz tv2
          -6.6809343193000061e+01  -3.8539013671875026e+01  -9.9954537550000083e+01 -1 716 #xyz tv3 fid bid
          -6.6809343193000061e+01  -7.4800000000000054e+01  -9.9954537550000083e+01 #xyz tv0
          -6.6809343193000061e+01  -3.8539013671875026e+01  -9.9954537550000083e+01 #xyz tv1
          -3.1837920628482294e+01  -4.8719520494476384e+01  -9.9954537550000083e+01 565 -1 #xyz tv2 fid bid
          -6.6809343193000061e+01  -7.4800000000000054e+01  -9.9954537550000083e+01 #xyz tv0
          -6.6809343193000061e+01  -3.8539013671875026e+01  -9.9954537550000083e+01 #xyz tv1
          -3.1837920628482294e+01  -4.8719520494476384e+01  -9.9954537550000083e+01 718 -1 #xyz tv2 fid bid
          -4.6072402679680394e+01  -2.0511307813206230e+01  -9.9954537550000069e+01 #xyz tv0
          -3.1837920628482294e+01  -4.8719520494476384e+01  -9.9954537550000083e+01 #xyz tv1
          -6.6809343193000061e+01  -3.8539013671875026e+01  -9.9954537550000083e+01 565 -1 #xyz tv2 fid bid
          -4.6072402679680394e+01  -2.0511307813206230e+01  -9.9954537550000069e+01 #xyz tv0
          -3.1837920628482294e+01  -4.8719520494476384e+01  -9.9954537550000083e+01 #xyz tv1
          -6.6809343193000061e+01  -3.8539013671875026e+01  -9.9954537550000083e+01 718 -1 #xyz tv2 fid bid
          -6.6809343193000061e+01  -3.8539013671875026e+01  -9.9954537550000083e+01 #xyz ev0
          -3.1837920628482294e+01  -4.8719520494476384e+01  -9.9954537550000083e+01 -1 716 #xyz ev1 fid bid
   0   0.000000000000e+00   0.000000000000e+00   0.000000000000e+00 #flag location
END_ERR 
G3dErrFileVersion 2018P3.1
FlagFileMetaData Begin
   Mesh Size - Setup1, Refinement, Pass #5, Freq. 5.500000e+08 :Title    
   Listing of mesh elements with poor quality. :ToolTip  
   hf3d :Author   
   1753087074 :TimeStamp
FlagFileMetaData End
BEGIN_ERR 
26 Small mesh segment detected on body : Box3
 Small mesh segment detected on body : Box3 
 Segment Statistics - Number of Segments : 1 --- Segment length(s) : 35.379549mm. The cutoff frequency for S-Matrix Only Solve is 999.308193333333kHz 
3 -1  565  718  # nfids, fids[]
2 716  -1  # nbids, bids[]
      7 4 1 0 #ntets ntri ned npts
          -6.6809343193000061e+01  -3.8268933105468776e+01  -9.9954537550000083e+01 #xyz tv0
          -6.6809343193000061e+01  -6.4834531251302977e+01  -7.2277174640022182e+01 #xyz tv1
          -3.2847880469581234e+01  -4.8185159377325192e+01  -9.9954537550000083e+01 #xyz tv2
          -6.6809343193000061e+01  -7.4800000000000054e+01  -8.7579537550000069e+01 -1 716 #xyz tv3 fid bid
          -6.6809343193000061e+01  -3.8268933105468776e+01  -9.9954537550000083e+01 #xyz tv0
          -6.6809343193000061e+01  -6.4834531251302977e+01  -7.2277174640022182e+01 #xyz tv1
          -4.8142028359372347e+01  -4.8220884893848861e+01  -7.4113046141108867e+01 #xyz tv2
          -3.2847880469581234e+01  -4.8185159377325192e+01  -9.9954537550000083e+01 -1 716 #xyz tv3 fid bid
          -6.6809343193000061e+01  -7.4800000000000054e+01  -9.9954537550000083e+01 #xyz tv0
          -3.2847880469581234e+01  -4.8185159377325192e+01  -9.9954537550000083e+01 #xyz tv1
          -6.6809343193000061e+01  -7.4800000000000054e+01  -8.7579537550000069e+01 #xyz tv2
          -6.6809343193000061e+01  -3.8268933105468776e+01  -9.9954537550000083e+01 -1 716 #xyz tv3 fid bid
          -5.4683410716131206e+01  -2.8934495712513343e+01  -8.0816456538921557e+01 #xyz tv0
          -4.8142028359372347e+01  -4.8220884893848861e+01  -7.4113046141108867e+01 #xyz tv1
          -3.2847880469581234e+01  -4.8185159377325192e+01  -9.9954537550000083e+01 #xyz tv2
          -6.6809343193000061e+01  -3.8268933105468776e+01  -9.9954537550000083e+01 -1 716 #xyz tv3 fid bid
          -6.6809343192999989e+01   1.9999999999998863e-01  -1.5995453755000000e+02 #xyz tv0
          -6.6809343193000061e+01  -3.8268933105468776e+01  -9.9954537550000083e+01 #xyz tv1
          -3.2847880469581234e+01  -4.8185159377325192e+01  -9.9954537550000083e+01 #xyz tv2
          -6.6809343193000061e+01  -7.4800000000000054e+01  -9.9954537550000083e+01 -1 716 #xyz tv3 fid bid
          -5.4683410716131206e+01  -2.8934495712513343e+01  -8.0816456538921557e+01 #xyz tv0
          -3.2847880469581234e+01  -4.8185159377325192e+01  -9.9954537550000083e+01 #xyz tv1
          -4.4497940778741565e+01  -2.0676914271894976e+01  -9.9954537550000069e+01 #xyz tv2
          -6.6809343193000061e+01  -3.8268933105468776e+01  -9.9954537550000083e+01 -1 716 #xyz tv3 fid bid
          -4.4497940778741565e+01  -2.0676914271894976e+01  -9.9954537550000069e+01 #xyz tv0
          -3.2847880469581234e+01  -4.8185159377325192e+01  -9.9954537550000083e+01 #xyz tv1
          -6.6809343192999989e+01   1.9999999999998863e-01  -1.5995453755000000e+02 #xyz tv2
          -6.6809343193000061e+01  -3.8268933105468776e+01  -9.9954537550000083e+01 -1 716 #xyz tv3 fid bid
          -6.6809343193000061e+01  -7.4800000000000054e+01  -9.9954537550000083e+01 #xyz tv0
          -6.6809343193000061e+01  -3.8268933105468776e+01  -9.9954537550000083e+01 #xyz tv1
          -3.2847880469581234e+01  -4.8185159377325192e+01  -9.9954537550000083e+01 565 -1 #xyz tv2 fid bid
          -6.6809343193000061e+01  -7.4800000000000054e+01  -9.9954537550000083e+01 #xyz tv0
          -6.6809343193000061e+01  -3.8268933105468776e+01  -9.9954537550000083e+01 #xyz tv1
          -3.2847880469581234e+01  -4.8185159377325192e+01  -9.9954537550000083e+01 718 -1 #xyz tv2 fid bid
          -4.4497940778741565e+01  -2.0676914271894976e+01  -9.9954537550000069e+01 #xyz tv0
          -3.2847880469581234e+01  -4.8185159377325192e+01  -9.9954537550000083e+01 #xyz tv1
          -6.6809343193000061e+01  -3.8268933105468776e+01  -9.9954537550000083e+01 565 -1 #xyz tv2 fid bid
          -4.4497940778741565e+01  -2.0676914271894976e+01  -9.9954537550000069e+01 #xyz tv0
          -3.2847880469581234e+01  -4.8185159377325192e+01  -9.9954537550000083e+01 #xyz tv1
          -6.6809343193000061e+01  -3.8268933105468776e+01  -9.9954537550000083e+01 718 -1 #xyz tv2 fid bid
          -6.6809343193000061e+01  -3.8268933105468776e+01  -9.9954537550000083e+01 #xyz ev0
          -3.2847880469581234e+01  -4.8185159377325192e+01  -9.9954537550000083e+01 -1 716 #xyz ev1 fid bid
   0   0.000000000000e+00   0.000000000000e+00   0.000000000000e+00 #flag location
END_ERR 
G3dErrFileVersion 2018P3.1
FlagFileMetaData Begin
   Mesh Size - Setup1, Refinement, Pass #1, Freq. 5.500000e+08 :Title    
   Listing of mesh elements with poor quality. :ToolTip  
   hf3d :Author   
   1753090017 :TimeStamp
FlagFileMetaData End
BEGIN_ERR 
26 Small mesh segment detected on body : Box4
 Small mesh segment detected on body : Box4 
 Segment Statistics - Number of Segments : 1 --- Segment length(s) : 125.000000mm. The cutoff frequency for S-Matrix Only Solve is 999.308193333333kHz 
3 -1  565  718  # nfids, fids[]
2 859  -1  # nbids, bids[]
      4 4 1 0 #ntets ntri ned npts
          -6.6809343193000046e+01  -9.9799999999999997e+01  -9.9954537550000097e+01 #xyz tv0
          -6.6809343193000032e+01   1.9999999999998863e-01  -9.9954537550000055e+01 #xyz tv1
           8.1906568070000052e+00   1.9999999999998966e-01  -1.2995453755000000e+02 #xyz tv2
           8.1906568069999892e+00   1.9999999999998863e-01  -9.9954537550000055e+01 -1 859 #xyz tv3 fid bid
          -6.6809343193000032e+01   1.9999999999998863e-01  -9.9954537550000055e+01 #xyz tv0
          -6.6809343192999989e+01  -6.4799999999999997e+01  -5.0454537549999998e+01 #xyz tv1
           8.1906568069999892e+00   1.9999999999998863e-01  -9.9954537550000055e+01 #xyz tv2
          -6.6809343193000046e+01  -9.9799999999999997e+01  -9.9954537550000097e+01 -1 859 #xyz tv3 fid bid
           8.1906568069999892e+00   1.9999999999998863e-01  -9.9954537550000055e+01 #xyz tv0
           8.1906568070000052e+00   1.9999999999998966e-01  -1.2995453755000000e+02 #xyz tv1
          -6.6809343193000046e+01  -9.9799999999999997e+01  -9.9954537550000097e+01 #xyz tv2
